5566250450924085|11|2027|003
5566250450961061|03|2030|461
5566250450976051|10|2027|514
5566250450930660|12|2025|380
5566250450902701|12|2027|840
5566250450923533|04|2025|482
5566250450947516|10|2027|124
5566250450931213|03|2024|497
5566250450928482|10|2028|239
5566250450902420|10|2025|974
5566250450975723|09|2026|597
5566250450912817|09|2031|201
5566250450946260|08|2027|724
5566250450988882|01|2030|634
5566250450974247|03|2030|636
5566250450968314|02|2029|871
5566250450980418|05|2025|521
5566250450918160|09|2027|029
5566250450978040|02|2032|268
5566250450955303|10|2032|652
5566250450937871|09|2024|161
5566250450908724|11|2024|207
5566250450926130|02|2029|853
5566250450971888|08|2031|301
5566250450911876|12|2029|673
5566250450938077|07|2029|519
5566250450985656|04|2024|463
5566250450902636|01|2027|065
5566250450968454|12|2026|065
5566250450904228|11|2032|917
5566250450947763|08|2032|517
5566250450967308|09|2025|682
5566250450927666|07|2029|483
5566250450911355|07|2030|509
5566250450976556|06|2024|199
5566250450984527|08|2026|055
5566250450905274|03|2030|509
5566250450931841|01|2026|522
5566250450977315|06|2028|262
5566250450928821|11|2030|057
5566250450924333|05|2028|599
5566250450953811|08|2024|938
5566250450944653|06|2030|283
5566250450978313|03|2032|288
5566250450915232|10|2028|037
5566250450927336|04|2026|569
5566250450915653|02|2031|074
5566250450963141|06|2030|307
5566250450988122|07|2028|285
5566250450917782|12|2024|448
5566250450936667|04|2032|501
5566250450966334|11|2028|078
5566250450931726|12|2024|619
5566250450940008|01|2031|440
5566250450916214|02|2027|012
5566250450904830|06|2030|517
5566250450967027|12|2028|479
5566250450904525|02|2027|261
5566250450906165|01|2029|318
5566250450967472|04|2032|200
5566250450978362|09|2024|443
5566250450901380|03|2025|075
5566250450901620|11|2028|873
5566250450967530|11|2031|050
5566250450961756|11|2030|548
5566250450973454|01|2024|459
5566250450911223|01|2027|615
5566250450967753|11|2032|809
5566250450957333|04|2031|728
5566250450936014|07|2026|368
5566250450988767|05|2026|400
5566250450984105|07|2032|521
5566250450974783|09|2030|730
5566250450945783|03|2026|095
5566250450975426|08|2032|597
5566250450962150|01|2028|601
5566250450948860|06|2032|624
5566250450978875|09|2028|829
5566250450937442|09|2031|547
5566250450910415|09|2024|986
5566250450967480|01|2025|057
5566250450951773|01|2025|219
5566250450941212|01|2028|814
5566250450930355|01|2025|715
5566250450920653|07|2031|886
5566250450900721|04|2030|430
5566250450914110|06|2026|262
5566250450942855|10|2032|331
5566250450933805|12|2029|958
5566250450934308|10|2030|623
5566250450970757|01|2030|670
5566250450965658|09|2026|727
5566250450918145|10|2027|472
5566250450956848|09|2028|446
5566250450921552|10|2026|493
5566250450965864|02|2029|172
5566250450945445|03|2027|603
5566250450920323|10|2025|302
5566250450902834|03|2030|287
5566250450947276|06|2028|966
